MEMORY
  total            14.4 MB
  struct          159.0 KB
  buffer          276.2 KB
  arena            14.0 MB, used 0.2%

SIZES
  narena                14680064
  nbuffer               282848
  nplugin               0
  maxuse_stack          5864
  maxuse_arena          36256
  maxuse_con            9
  maxuse_efc            44
  ncon                  9
  ne                    0
  nf                    0
  nl                    0
  nefc                  44
  nJ                    792
  nA                    0
  nisland               0
  threadpool            0

SOLVER STAT
  solver_fwdinv =   0         0       
  ISLAND 0
    solver_niter = 2
    solver_nnz = 324
      0:  improvement =  4.5e+13     gradient =  0.048       lineslope =  0       
          nactive = 40   nchange = 4   neval = 3   nupdate = 4
      1:  improvement =  0           gradient =  0.045       lineslope =  2.2e-20 
          nactive = 39   nchange = 1   neval = 3   nupdate = 1

ENERGY =   0         0       

TIME =  0       

QPOS
   0       
   0       
   0       
   0       
   0       
   0       
   0       
   0       
   0       
   0       
   0       
   0       
  -0.8     
   1.1     
   0.81    
   1       
   0       
   0       
   0       

QVEL
   0       
   0       
   0       
   0       
   0       
   0       
   0       
   0       
   0       
   0       
   0       
   0       
   0       
   0       
   0       
   0       
   0       
   0       

QACC_WARMSTART
  -24      
  -35      
   58      
   0.29    
  -26      
  -23      
   1.3e+02 
  -29      
   44      
  -1.4e+02 
   1.4e+02 
   1.3e+02 
  -40      
   2.9     
  -0.27    
  -0.46    
   51      
  -3e+02   

CTRL
   0       
  -0.063   
   0       
   0       
   0       
   0       
   0       
   0       
   0       
   0       
   0       
   0       

QFRC_APPLIED
   0       
   0       
   0       
   0       
   0       
   0       
   0       
   0       
   0       
   0       
   0       
   0       
   0       
   0       
   0       
   0       
   0       
   0       

XFRC_APPLIED
   0         0         0         0         0         0       
   0         0         0         0         0         0       
   0         0         0         0         0         0       
   0         0         0         0         0         0       
   0         0         0         0         0         0       
   0         0         0         0         0         0       
   0         0         0         0         0         0       
   0         0         0         0         0         0       
   0         0         0         0         0         0       
   0         0         0         0         0         0       
   0         0         0         0         0         0       
   0         0         0         0         0         0       
   0         0         0         0         0         0       
   0         0         0         0         0         0       
   0         0         0         0         0         0       
   0         0         0         0         0         0       
   0         0         0         0         0         0       
   0         0         0         0         0         0       
   0         0         0         0         0         0       
   0         0         0         0         0         0       
   0         0         0         0         0         0       
   0         0         0         0         0         0       

MOCAP_POS
   0.5      -0.5       0.5     
   0.5       0.5       0.5     

MOCAP_QUAT
   1         0         0         0       
   1         0         0         0       

QACC
  -24      
  -35      
   58      
   0.29    
  -26      
  -23      
   1.3e+02 
  -29      
   44      
  -1.4e+02 
   1.4e+02 
   1.3e+02 
  -40      
   2.9     
  -0.27    
  -0.46    
   51      
  -3e+02   

XPOS
   0         0         0       
   0         0         0       
   0         0.23      1.5     
   0         0.35      1.4     
   0         0.44      1.5     
  -0.42      0.35      1.4     
  -0.82      0.35      1.4     
  -0.82      0.44      1.5     
  -0.82      0.37      1.6     
  -0.82      0.44      1.6     
   0        -0.23      1.5     
   0        -0.35      1.4     
   0        -0.44      1.5     
   0.42     -0.35      1.4     
   0.82     -0.35      1.4     
   0.82     -0.44      1.5     
   0.82     -0.37      1.6     
   0.82     -0.44      1.6     
   0.5      -0.5       0.5     
   0.5       0.5       0.5     
  -1.1       1.1       0       
  -0.8       1.1       0.81    

XQUAT
   1         0         0         0       
   1         0         0         0       
   0         0         0.92      0.38    
   0         0         0.92      0.38    
  -0.65     -0.27      0.65      0.27    
  -0.65     -0.27      0.65      0.27    
  -0.92     -0.38      0         0       
  -0.92     -0.38      0         0       
  -0.92     -0.38      0         0       
  -0.92      0.38      0         0       
   0.38      0.92      0         0       
   0.38      0.92      0         0       
   0.27      0.65      0.27      0.65    
   0.27      0.65      0.27      0.65    
   0         0         0.38      0.92    
   0         0         0.38      0.92    
   0         0         0.38      0.92    
   0         0        -0.38      0.92    
   1         0         0         0       
   1         0         0         0       
   1         0         0         0       
   1         0         0         0       

XMAT
   1         0         0         0         1         0         0         0         1       
   1         0         0         0         1         0         0         0         1       
  -1         0         0         0         0.71      0.71      0         0.71     -0.71    
  -1         0         0         0         0.71      0.71      0         0.71     -0.71    
  -2.8e-17   0        -1        -0.71      0.71      0         0.71      0.71      2.8e-17 
  -2.8e-17   0        -1        -0.71      0.71      0         0.71      0.71      2.8e-17 
   1         0        -0        -0         0.71     -0.71      0         0.71      0.71    
   1         0        -0        -0         0.71     -0.71      0         0.71      0.71    
   1         0        -0        -0         0.71     -0.71      0         0.71      0.71    
   1         0         0         0         0.71      0.71      0        -0.71      0.71    
   1         0         0         0        -0.71     -0.71      0         0.71     -0.71    
   1         0         0         0        -0.71     -0.71      0         0.71     -0.71    
  -5.6e-17   0         1         0.71     -0.71      0         0.71      0.71     -5.6e-17 
  -5.6e-17   0         1         0.71     -0.71      0         0.71      0.71     -5.6e-17 
  -1         0         0         0        -0.71      0.71      0         0.71      0.71    
  -1         0         0         0        -0.71      0.71      0         0.71      0.71    
  -1         0         0         0        -0.71      0.71      0         0.71      0.71    
  -1        -0         0         0        -0.71     -0.71      0        -0.71      0.71    
   1         0         0         0         1         0         0         0         1       
   1         0         0         0         1         0         0         0         1       
   1         0         0         0         1         0         0         0         1       
   1         0         0         0         1         0         0         0         1       

XIPOS
   0         0         0       
   0         0         0       
   0         0.23      1.5     
   0         0.35      1.4     
  -0.21      0.44      1.5     
  -0.62      0.35      1.4     
  -0.82      0.44      1.5     
  -0.82      0.37      1.6     
  -0.82      0.43      1.6     
  -0.8       0.47      1.6     
   0        -0.23      1.5     
   0        -0.35      1.4     
   0.21     -0.44      1.5     
   0.62     -0.35      1.4     
   0.82     -0.44      1.5     
   0.82     -0.37      1.6     
   0.82     -0.43      1.6     
   0.8      -0.47      1.6     
   0.52     -0.48      0.52    
   0.52      0.52      0.52    
  -0.64     -0.029     0.44    
  -0.8       1.1       0.81    

XIMAT
   1         0         0         0         1         0         0         0         1       
   1         0         0         0         1         0         0         0         1       
  -1         0         0         0         0.71      0.71      0         0.71     -0.71    
  -1         0         0         0         0.71      0.71      0         0.71     -0.71    
  -2.8e-17   0        -1        -0.71      0.71      0         0.71      0.71      2.8e-17 
  -2.8e-17   0        -1        -0.71      0.71      0         0.71      0.71      2.8e-17 
   1         0        -0        -0         0.71     -0.71      0         0.71      0.71    
   1         0        -0        -0         0.71     -0.71      0         0.71      0.71    
   0        -1         0         0.71      0        -0.71      0.71      0         0.71    
   0.58     -0.71     -0.41      0.82      0.5       0.29     -9.4e-07  -0.5       0.87    
   1         0         0         0        -0.71     -0.71      0         0.71     -0.71    
   1         0         0         0        -0.71     -0.71      0         0.71     -0.71    
  -5.6e-17   0         1         0.71     -0.71      0         0.71      0.71     -5.6e-17 
  -5.6e-17   0         1         0.71     -0.71      0         0.71      0.71     -5.6e-17 
  -1         0         0         0        -0.71      0.71      0         0.71      0.71    
  -1         0         0         0        -0.71      0.71      0         0.71      0.71    
   0         1         0        -0.71      0         0.71      0.71      0         0.71    
  -0.58      0.71      0.41     -0.82     -0.5      -0.29     -9.4e-07  -0.5       0.87    
   0.58     -0.71     -0.41      0.58      0.71     -0.41      0.58      2.8e-17   0.82    
   0.58     -0.71     -0.41      0.58      0.71     -0.41      0.58      2.8e-17   0.82    
   0.99     -0.062     0.088     0.093     0.085    -0.99      0.054     0.99      0.09    
   0.58     -0.71     -0.41      0.58      0.71     -0.41      0.58      2.8e-17   0.82    

XANCHOR
   0         0.35      1.4     
   0         0.44      1.5     
  -0.42      0.35      1.4     
  -0.82      0.35      1.4     
  -0.82      0.44      1.5     
  -0.82      0.37      1.6     
   0        -0.35      1.4     
   0        -0.44      1.5     
   0.42     -0.35      1.4     
   0.82     -0.35      1.4     
   0.82     -0.44      1.5     
   0.82     -0.37      1.6     
  -0.8       1.1       0.81    

XAXIS
   0         0.71     -0.71    
   0         0.71      0.71    
   0         0.71      0.71    
   0         0.71      0.71    
   0        -0.71      0.71    
   0         0.71      0.71    
   0        -0.71     -0.71    
   0        -0.71      0.71    
   0        -0.71      0.71    
   0        -0.71      0.71    
   0         0.71      0.71    
   0        -0.71      0.71    
   0         0         1       

GEOM_XPOS
   0         0         0       
   0.1       0         0       
   0         0.1       0       
   0         0         0.2     
   0.19      0.19      0.46    
   0.19      0.19      0.46    
  -6.7e-07   0.3       1.4     
  -1.5e-07   0.25      1.5     
  -0.00016   0.38      1.3     
  -1e-06     0.4       1.4     
   5e-05     0.33      1.4     
   0         0.32      1.4     
  -0.21      0.44      1.5     
  -0.3       0.43      1.5     
  -0.21      0.43      1.5     
  -0.21      0.48      1.5     
   0         0.42      1.5     
  -0.2       0.44      1.5     
  -0.82      0.32      1.4     
  -0.63      0.35      1.4     
  -0.68      0.36      1.4     
  -0.59      0.36      1.4     
  -0.42      0.41      1.4     
  -0.62      0.35      1.4     
  -0.82      0.41      1.5     
  -0.82      0.47      1.5     
  -0.82      0.42      1.5     
  -0.82      0.39      1.4     
  -0.82      0.41      1.6     
  -0.82      0.34      1.5     
  -0.82      0.39      1.6     
  -0.82      0.41      1.5     
  -0.82      0.39      1.6     
  -0.82      0.43      1.6     
  -0.82      0.43      1.6     
  -0.77      0.44      1.6     
  -0.82      0.48      1.6     
  -0.82      0.48      1.7     
   6.7e-07  -0.3       1.4     
   1.5e-07  -0.25      1.5     
   0.00016  -0.38      1.3     
   1e-06    -0.4       1.4     
  -5e-05    -0.33      1.4     
   0        -0.32      1.4     
   0.21     -0.44      1.5     
   0.3      -0.43      1.5     
   0.21     -0.43      1.5     
   0.21     -0.48      1.5     
   0        -0.42      1.5     
   0.2      -0.44      1.5     
   0.82     -0.32      1.4     
   0.63     -0.35      1.4     
   0.68     -0.36      1.4     
   0.59     -0.36      1.4     
   0.42     -0.41      1.4     
   0.62     -0.35      1.4     
   0.82     -0.41      1.5     
   0.82     -0.47      1.5     
   0.82     -0.42      1.5     
   0.82     -0.39      1.4     
   0.82     -0.41      1.6     
   0.82     -0.34      1.5     
   0.82     -0.39      1.6     
   0.82     -0.41      1.5     
   0.82     -0.39      1.6     
   0.82     -0.43      1.6     
   0.82     -0.43      1.6     
   0.77     -0.44      1.6     
   0.82     -0.48      1.6     
   0.82     -0.48      1.7     
   0.55     -0.5       0.5     
   0.5      -0.45      0.5     
   0.5      -0.5       0.55    
   0.55      0.5       0.5     
   0.5       0.55      0.5     
   0.5       0.5       0.55    
  -0.64     -0.024     0.43    
  -0.55     -0.25      0.81    
  -0.8       1.1       0.81    
  -0.75      1.1       0.81    
  -0.8       1.1       0.81    
  -0.8       1.1       0.86    

GEOM_XMAT
   1         0         0         0         1         0         0         0         1       
   2.2e-16   0         1         0         1         0        -1         0         2.2e-16 
   1        -0         0         0         2.2e-16   1        -0        -1         2.2e-16 
   1         0         0         0         1         0         0         0         1       
  -0.98      0.19     -0.016     0.00062  -0.078    -1        -0.19     -0.98      0.077   
  -0.98      0.19     -0.016     0.00062  -0.078    -1        -0.19     -0.98      0.077   
   1.1e-05   1        -5.6e-17   0.71     -7.5e-06  -0.71     -0.71      7.5e-06  -0.71    
  -9.9e-06  -0.61     -0.79      0.71     -0.56      0.43     -0.71     -0.56      0.43    
  -0.0014    0.99      0.16      0.44      0.15     -0.89     -0.9       0.071    -0.43    
   9.8e-06   0.99     -0.17      0.71      0.12      0.7       0.71     -0.12     -0.7     
   0.002    -0.053    -1         0.042     1        -0.053     1        -0.042     0.0042  
  -1         0         0         0         0.71      0.71      0         0.71     -0.71    
  -1.5e-06   0.00033  -1        -0.91      0.42      0.00014   0.42      0.91      0.0003  
   8e-05    -0.18     -0.98     -0.71      0.7      -0.12      0.71      0.7      -0.12    
  -0.0094    4.3e-05  -1         0.71      0.71     -0.0066    0.71     -0.71     -0.0067  
  -0.00033   1.1e-05  -1         0.71      0.71     -0.00023   0.71     -0.71     -0.00024 
  -1.4e-17  -1         0        -0.71     -1.4e-17  -0.71      0.71      0        -0.71    
  -2.8e-17   0        -1        -0.71      0.71      0         0.71      0.71      2.8e-17 
   0.31     -0.14     -0.94      0.67      0.73      0.11      0.67     -0.67      0.32    
  -0.00055  -0.00034  -1         0.52      0.85     -0.00057   0.85     -0.52     -0.0003  
   0.00065   0.15     -0.99     -0.7       0.7       0.1       0.71      0.7       0.1     
   0.02     -3e-05    -1         0.71      0.71      0.014     0.71     -0.71      0.014   
  -1.4e-17  -1         0        -0.71     -1.4e-17  -0.71      0.71      0        -0.71    
  -2.8e-17   0        -1        -0.71      0.71      0         0.71      0.71      2.8e-17 
   7.8e-05   0.39      0.92     -0.71     -0.65      0.28      0.71     -0.65      0.28    
   0.00042  -1         0.077    -0.89     -0.036    -0.46      0.46     -0.068    -0.89    
  -0.00079  -1         0.00018  -0.97      0.00072  -0.24      0.24     -0.00037  -0.97    
   1         0        -0        -0        -0.71     -0.71      0         0.71     -0.71    
   5.6e-17  -0.98      0.18      0.71     -0.12     -0.7       0.71      0.12      0.7     
  -0.00036  -0.99      0.11      0.89     -0.051    -0.46      0.46      0.098     0.88    
  -6e-05    -1         0.00042  -1         5.3e-05  -0.017     0.017    -0.00043  -1       
   1         0        -0        -0         0.71     -0.71      0         0.71      0.71    
   1         0        -0        -0        -0.71     -0.71      0         0.71     -0.71    
   0.00048  -0.97      0.22      0.71     -0.16     -0.69      0.7       0.16      0.69    
   1         0        -0        -0        -0.71     -0.71      0         0.71     -0.71    
   1.8e-16   5.6e-17   1        -0.71      0.71      5.6e-17  -0.71     -0.71      1.5e-16 
   1         0         0         0        -0.71      0.71      0        -0.71     -0.71    
   1         0         0         0         0.71      0.71      0        -0.71      0.71    
  -1.1e-05  -1         5.6e-17  -0.71      7.5e-06   0.71     -0.71      7.5e-06  -0.71    
   9.9e-06   0.61      0.79     -0.71      0.56     -0.43     -0.71     -0.56      0.43    
   0.0014   -0.99     -0.16     -0.44     -0.15      0.89     -0.9       0.071    -0.43    
  -9.8e-06  -0.99      0.17     -0.71     -0.12     -0.7       0.71     -0.12     -0.7     
  -0.002     0.053     1        -0.042    -1         0.053     1        -0.042     0.0042  
   1         0         0         0        -0.71     -0.71      0         0.71     -0.71    
   1.5e-06  -0.00033   1         0.91     -0.42     -0.00014   0.42      0.91      0.0003  
  -8e-05     0.18      0.98      0.71     -0.7       0.12      0.71      0.7      -0.12    
   0.0094   -4.3e-05   1        -0.71     -0.71      0.0066    0.71     -0.71     -0.0067  
   0.00033  -1.1e-05   1        -0.71     -0.71      0.00023   0.71     -0.71     -0.00024 
  -1.4e-17   1         0         0.71     -1.4e-17   0.71      0.71      0        -0.71    
  -5.6e-17   0         1         0.71     -0.71      0         0.71      0.71     -5.6e-17 
  -0.31      0.14      0.94     -0.67     -0.73     -0.11      0.67     -0.67      0.32    
   0.00055   0.00034   1        -0.52     -0.85      0.00057   0.85     -0.52     -0.0003  
  -0.00065  -0.15      0.99      0.7      -0.7      -0.1       0.71      0.7       0.1     
  -0.02      3e-05     1        -0.71     -0.71     -0.014     0.71     -0.71      0.014   
  -1.4e-17   1         0         0.71     -1.4e-17   0.71      0.71      0        -0.71    
  -5.6e-17   0         1         0.71     -0.71      0         0.71      0.71     -5.6e-17 
  -7.8e-05  -0.39     -0.92      0.71      0.65     -0.28      0.71     -0.65      0.28    
  -0.00042   1        -0.077     0.89      0.036     0.46      0.46     -0.068    -0.89    
   0.00079   1        -0.00018   0.97     -0.00072   0.24      0.24     -0.00037  -0.97    
  -1         0         0         0         0.71      0.71      0         0.71     -0.71    
   0         0.98     -0.18     -0.71      0.12      0.7       0.71      0.12      0.7     
   0.00036   0.99     -0.11     -0.89      0.051     0.46      0.46      0.098     0.88    
   6e-05     1        -0.00042   1        -5.3e-05   0.017     0.017    -0.00043  -1       
  -1         0         0         0        -0.71      0.71      0         0.71      0.71    
  -1         0         0         0         0.71      0.71      0         0.71     -0.71    
  -0.00048   0.97     -0.22     -0.71      0.16      0.69      0.7       0.16      0.69    
  -1         0         0         0         0.71      0.71      0         0.71     -0.71    
  -1.7e-16  -5.6e-17  -1         0.71     -0.71     -5.6e-17  -0.71     -0.71      1.7e-16 
  -1        -0         0         0         0.71     -0.71      0        -0.71     -0.71    
  -1        -0         0         0        -0.71     -0.71      0        -0.71      0.71    
   2.2e-16   0         1         0         1         0        -1         0         2.2e-16 
   1        -0         0         0         2.2e-16   1        -0        -1         2.2e-16 
   1         0         0         0         1         0         0         0         1       
   2.2e-16   0         1         0         1         0        -1         0         2.2e-16 
   1        -0         0         0         2.2e-16   1        -0        -1         2.2e-16 
   1         0         0         0         1         0         0         0         1       
  -0.99      0.13      0.089    -0.1      -0.076    -0.99     -0.12     -0.99      0.088   
   1         0         0         0         1         0         0         0         1       
   1         0         0         0         1         0         0         0         1       
   2.2e-16   0         1         0         1         0        -1         0         2.2e-16 
   1        -0         0         0         2.2e-16   1        -0        -1         2.2e-16 
   1         0         0         0         1         0         0         0         1       

SITE_XPOS
  -0.82      0.44      1.6     
  -0.82      0.44      1.6     
   0.82     -0.44      1.6     
   0.82     -0.44      1.6     
   0.5      -0.5       0.5     
   0.5       0.5       0.5     
  -0.8       1.1       0.81    

SITE_XMAT
   0         1         0        -0.71      0         0.71      0.71      0         0.71    
   1         0         0         0         0.71      0.71      0        -0.71      0.71    
   0        -1         0         0.71      0        -0.71      0.71      0         0.71    
  -1        -0         0         0        -0.71     -0.71      0        -0.71      0.71    
   1         0         0         0         1         0         0         0         1       
   1         0         0         0         1         0         0         0         1       
   1         0         0         0         1         0         0         0         1       

LIGHT_XPOS
   0         0         4       
   0         0         1.5     

LIGHT_XDIR
   0         0        -1       
   0         0        -1       

SUBTREE_COM
  -0.61     -0.028     0.47    
   0         0         0       
  -0.26      0.37      1.5     
  -0.32      0.41      1.5     
  -0.4       0.42      1.5     
  -0.73      0.38      1.5     
  -0.82      0.41      1.5     
  -0.82      0.38      1.6     
  -0.82      0.43      1.6     
  -0.8       0.47      1.6     
   0.26     -0.37      1.5     
   0.32     -0.41      1.5     
   0.4      -0.42      1.5     
   0.73     -0.38      1.5     
   0.82     -0.41      1.5     
   0.82     -0.38      1.6     
   0.82     -0.43      1.6     
   0.8      -0.47      1.6     
   0.52     -0.48      0.52    
   0.52      0.52      0.52    
  -0.64     -0.029     0.44    
  -0.8       1.1       0.81    

CDOF
   0         0.71     -0.71      0.074     0.18      0.18    
   0         0.71      0.71      0.038    -0.18      0.18    
   0         0.71      0.71      0.038     0.12     -0.12    
   0         0.71      0.71      0.038     0.4      -0.4     
   0        -0.71      0.71      0.06      0.4       0.4     
   0         0.71      0.71     -0.062     0.4      -0.4     
   0        -0.71     -0.71     -0.074    -0.18      0.18    
   0        -0.71      0.71     -0.038     0.18      0.18    
   0        -0.71      0.71     -0.038    -0.12     -0.12    
   0        -0.71      0.71     -0.038    -0.4      -0.4     
   0         0.71      0.71     -0.06     -0.4       0.4     
   0        -0.71      0.71      0.062    -0.4      -0.4     
   0         0         0         1         0         0       
   0         0         0         0         1         0       
   0         0         0         0         0         1       
   1         0         0         0        -0.0038    0.0038  
   0         1         0         0.0038    0        -0.0038  
   0         0         1        -0.0038    0.0038    0       

CINERT
   0         0         0         0         0         0         0         0         0         0       
   0         0         0         0         0         0         0         0         0         0       
   0.089     0.27      0.35      0.14     -0.037     0.019     1        -0.56      0.15      4       
   0.036     0.27      0.25      0.024     0.074    -0.0056    0.94     -0.094    -0.29      3.7     
   0.062     0.15      0.19     -0.026    -0.0067   -0.011     0.36      0.61      0.16      8.4     
   0.017     0.35      0.34     -0.017    -0.061    -0.0034   -0.83     -0.046    -0.17      2.3     
   0.0088    0.39      0.39      0.048     0.011    -0.0012   -0.69      0.085     0.019     1.2     
   0.012     0.4       0.39     -0.00086   0.059     0.00032  -0.69     -0.0015    0.11      1.2     
   0.0044    0.063     0.06      0.0056    0.015    -0.0014   -0.11      0.01      0.027     0.19    
   0.00083   0.0076    0.0072    0.0012    0.002    -0.00035  -0.013     0.0022    0.0037    0.024   
   0.089     0.27      0.35      0.14      0.037    -0.019    -1         0.56      0.15      4       
   0.036     0.27      0.25      0.024    -0.074     0.0056   -0.94      0.094    -0.29      3.7     
   0.062     0.15      0.19     -0.026     0.0067    0.011    -0.36     -0.61      0.16      8.4     
   0.017     0.35      0.34     -0.017     0.061     0.0034    0.83      0.046    -0.17      2.3     
   0.0088    0.39      0.39      0.048    -0.011     0.0012    0.69     -0.085     0.019     1.2     
   0.012     0.4       0.39     -0.00086  -0.059    -0.00032   0.69      0.0015    0.11      1.2     
   0.0044    0.063     0.06      0.0056   -0.015     0.0014    0.11     -0.01      0.027     0.19    
   0.00083   0.0076    0.0072    0.0012   -0.002     0.00035   0.013    -0.0022    0.0037    0.024   
   3.9e-05   3.9e-05   3.9e-05   6.5e-06   6.5e-06   6.5e-06   0        -1.3e-18   0         0.024   
   3.9e-05   3.9e-05   3.9e-05   6.5e-06   6.5e-06   6.5e-06   0         0         0         0.024   
   7.4e+02   1.2e+02   7.2e+02   55       -4         55        0         0         0         1.2e+03 
   4.5e-05   4.5e-05   4.5e-05   9.5e-07   9.5e-07   9.5e-07   0         0         7.4e-18   0.066   

ACTUATOR_LENGTH
   0       
   0       
   0       
   0       
   0       
   0       
   0       
   0       
   0       
   0       
   0       
   0       

actuator_moment
--------------------
 x                  |
  x                 |
   x                |
    x               |
     x              |
      x             |
       x            |
        x           |
         x          |
          x         |
           x        |
            x       |
--------------------

ACTUATOR_MOMENT
     0:  1       
     1:  1       
     2:  1       
     3:  1       
     4:  1       
     5:  1       
     6:  1       
     7:  1       
     8:  1       
     9:  1       
    10:  1       
    11:  1       

CRB
   0         0         0         0         0         0         0         0         0         0       
   0         0         0         0         0         0         0         0         0         0       
   0.23      1.9       2         0.18      0.056    -0.0039   -6.7e-16   3.3e-16   1.6e-15   21      
   0.14      1.6       1.6       0.035     0.093    -0.023    -1         0.56     -0.15      17      
   0.11      1.4       1.4       0.011     0.019    -0.017    -2         0.66      0.15      13      
   0.043     1.2       1.2       0.037     0.026    -0.006    -2.3       0.049    -0.012     4.9     
   0.026     0.85      0.85      0.054     0.087    -0.0026   -1.5       0.095     0.16      2.6     
   0.017     0.47      0.45      0.006     0.076    -0.0014   -0.8       0.011     0.14      1.4     
   0.0052    0.071     0.067     0.0068    0.017    -0.0017   -0.12      0.012     0.03      0.21    
   0.00083   0.0076    0.0072    0.0012    0.002    -0.00035  -0.013     0.0022    0.0037    0.024   
   0.23      1.9       2         0.18     -0.056     0.0039    6.7e-16  -3.3e-16   1.6e-15   21      
   0.14      1.6       1.6       0.035    -0.093     0.023     1        -0.56     -0.15      17      
   0.11      1.4       1.4       0.011    -0.019     0.017     2        -0.66      0.15      13      
   0.043     1.2       1.2       0.037    -0.026     0.006     2.3      -0.049    -0.012     4.9     
   0.026     0.85      0.85      0.054    -0.087     0.0026    1.5      -0.095     0.16      2.6     
   0.017     0.47      0.45      0.006    -0.076     0.0014    0.8      -0.011     0.14      1.4     
   0.0052    0.071     0.067     0.0068   -0.017     0.0017    0.12     -0.012     0.03      0.21    
   0.00083   0.0076    0.0072    0.0012   -0.002     0.00035   0.013    -0.0022    0.0037    0.024   
   3.9e-05   3.9e-05   3.9e-05   6.5e-06   6.5e-06   6.5e-06   0        -1.3e-18   0         0.024   
   3.9e-05   3.9e-05   3.9e-05   6.5e-06   6.5e-06   6.5e-06   0         0         0         0.024   
   7.4e+02   1.2e+02   7.2e+02   55       -4         55        0         0         0         1.2e+03 
   4.5e-05   4.5e-05   4.5e-05   9.5e-07   9.5e-07   9.5e-07   0         0         7.4e-18   0.066   

QM
   3.4     
   0.021     3.2     
   0.021     1.2       0.54    
   0.021     0.019     0.019     0.02    
  -0.0058   -0.0017   -0.0017   -0.0017    0.0038  
  -9.2e-05  -0.00018  -8.5e-06   0.00015   3.9e-05   0.00018 
                                                               3.4     
                                                               0.021     3.2     
                                                               0.021     1.2       0.54    
                                                               0.021     0.019     0.019     0.02    
                                                              -0.0058   -0.0017   -0.0017   -0.0017    0.0038  
                                                              -9.2e-05  -0.00018  -8.5e-06   0.00015   3.9e-05   0.00018 
                                                                                                                           0.066   
                                                                                                                           0         0.066   
                                                                                                                           0         0         0.066   
                                                                                                                           0        -0.00025   0.00025   4.7e-05 
                                                                                                                           0.00025   0        -0.00025  -1.8e-20   4.7e-05 
                                                                                                                          -0.00025   0.00025   0        -9.3e-21  -1.1e-20   4.7e-05 

QLD
     0:  3.4     
     0:  1.7e-06    1:  0.65    
     0: -1.8e-05    1:  2.2        2:  0.53    
     0:  0.98       1:  1          2:  1          3:  0.019   
     0: -1.5        1: -0.44       2: -0.45       3: -0.46       4:  0.0038  
     0: -0.5        1: -0.95       2: -0.046      3:  0.79       4:  0.21       5:  0.00018 
     6:  3.4     
     6:  1.7e-06    7:  0.65    
     6: -1.8e-05    7:  2.2        8:  0.53    
     6:  0.98       7:  1          8:  1          9:  0.019   
     6: -1.5        7: -0.44       8: -0.45       9: -0.46      10:  0.0038  
     6: -0.5        7: -0.95       8: -0.046      9:  0.79      10:  0.21      11:  0.00018 
    12:  0.064   
    12:  0.021     13:  0.064   
    12:  0.021     13:  0.021     14:  0.064   
    12:  9.4e-16   13: -5.3       14:  5.3       15:  4.7e-05 
    12:  5.3       13:  1.2e-15   14: -5.3       15: -3.7e-16   16:  4.7e-05 
    12: -5.3       13:  5.3       14:  0         15: -2e-16     16: -2.3e-16   17:  4.7e-05 

QLDIAGINV
   0.3     
   1.5     
   1.9     
   54      
   2.7e+02 
   5.4e+03 
   0.3     
   1.5     
   1.9     
   54      
   2.7e+02 
   5.4e+03 
   16      
   16      
   16      
   2.1e+04 
   2.1e+04 
   2.1e+04 

B: body-dof matrix
--------------------
 xxxxxxxxxxxxxxxxxx |
                    |
 xxxxxx             |
 xxxxxx             |
 xxxxxx             |
 xxxxxx             |
 xxxxxx             |
 xxxxxx             |
 xxxxxx             |
 xxxxxx             |
       xxxxxx       |
       xxxxxx       |
       xxxxxx       |
       xxxxxx       |
       xxxxxx       |
       xxxxxx       |
       xxxxxx       |
       xxxxxx       |
                    |
                    |
                    |
             xxxxxx |
--------------------

B_rownnz              18 0 6 6 6 6 6 6 6 6 6 6 6 6 6 6 6 6 0 0 0 6

B_rowadr              0 18 18 24 30 36 42 48 54 60 66 72 78 84 90 96 102 108 114 114 114 114

B_colind              0 1 2 3 4 5 6 7 8 9 10 11 12 13 14 15 16 17 0 1 2 3 4 5 0 1 2 3 4 5 0 1 2 3 4 5 0 1 2 3 4 5 0 1 2 3 4 5 0 1 2 3 4 5 0 1 2 3 4 5 0 1 2 3 4 5 6 7 8 9 10 11 6 7 8 9 10 11 6 7 8 9 10 11 6 7 8 9 10 11 6 7 8 9 10 11 6 7 8 9 10 11 6 7 8 9 10 11 6 7 8 9 10 11 12 13 14 15 16 17

M: inertia matrix
--------------------
 x                  |
 xx                 |
 xxx                |
 xxxx               |
 xxxxx              |
 xxxxxx             |
       x            |
       xx           |
       xxx          |
       xxxx         |
       xxxxx        |
       xxxxxx       |
             x      |
             xx     |
             xxx    |
             xxxx   |
             xxxxx  |
             xxxxxx |
--------------------

M_rownnz              1 2 3 4 5 6 1 2 3 4 5 6 1 2 3 4 5 6

M_rowadr              0 1 3 6 10 15 21 22 24 27 31 36 42 43 45 48 52 57

M_colind              0 0 1 0 1 2 0 1 2 3 0 1 2 3 4 0 1 2 3 4 5 6 6 7 6 7 8 6 7 8 9 6 7 8 9 10 6 7 8 9 10 11 12 12 13 12 13 14 12 13 14 15 12 13 14 15 16 12 13 14 15 16 17

mapM2M                0 2 1 5 4 3 9 8 7 6 14 13 12 11 10 20 19 18 17 16 15 21 23 22 26 25 24 30 29 28 27 35 34 33 32 31 41 40 39 38 37 36 42 44 43 47 46 45 51 50 49 48 56 55 54 53 52 62 61 60 59 58 57

C: reduced dof-dof matrix
--------------------
 x                  |
 xx                 |
 xxx                |
 xxxx               |
 xxxxx              |
 xxxxxx             |
       x            |
       xx           |
       xxx          |
       xxxx         |
       xxxxx        |
       xxxxxx       |
             x      |
             xx     |
             xxx    |
             xxxx   |
             xxxxx  |
             xxxxxx |
--------------------

C_rownnz              1 2 3 4 5 6 1 2 3 4 5 6 1 2 3 4 5 6

C_rowadr              0 1 3 6 10 15 21 22 24 27 31 36 42 43 45 48 52 57

C_colind              0 0 1 0 1 2 0 1 2 3 0 1 2 3 4 0 1 2 3 4 5 6 6 7 6 7 8 6 7 8 9 6 7 8 9 10 6 7 8 9 10 11 12 12 13 12 13 14 12 13 14 15 12 13 14 15 16 12 13 14 15 16 17

mapM2C                0 2 1 5 4 3 9 8 7 6 14 13 12 11 10 20 19 18 17 16 15 21 23 22 26 25 24 30 29 28 27 35 34 33 32 31 41 40 39 38 37 36 42 44 43 47 46 45 51 50 49 48 56 55 54 53 52 62 61 60 59 58 57

D: dof-dof matrix
--------------------
 Dxxxxx             |
 xDxxxx             |
 xxDxxx             |
 xxxDxx             |
 xxxxDx             |
 xxxxxD             |
       Dxxxxx       |
       xDxxxx       |
       xxDxxx       |
       xxxDxx       |
       xxxxDx       |
       xxxxxD       |
             Dxxxxx |
             xDxxxx |
             xxDxxx |
             xxxDxx |
             xxxxDx |
             xxxxxD |
--------------------

D_rownnz              6 6 6 6 6 6 6 6 6 6 6 6 6 6 6 6 6 6

D_rowadr              0 6 12 18 24 30 36 42 48 54 60 66 72 78 84 90 96 102

D_colind              0 1 2 3 4 5 0 1 2 3 4 5 0 1 2 3 4 5 0 1 2 3 4 5 0 1 2 3 4 5 0 1 2 3 4 5 6 7 8 9 10 11 6 7 8 9 10 11 6 7 8 9 10 11 6 7 8 9 10 11 6 7 8 9 10 11 6 7 8 9 10 11 12 13 14 15 16 17 12 13 14 15 16 17 12 13 14 15 16 17 12 13 14 15 16 17 12 13 14 15 16 17 12 13 14 15 16 17

mapM2D                0 2 5 9 14 20 2 1 4 8 13 19 5 4 3 7 12 18 9 8 7 6 11 17 14 13 12 11 10 16 20 19 18 17 16 15 21 23 26 30 35 41 23 22 25 29 34 40 26 25 24 28 33 39 30 29 28 27 32 38 35 34 33 32 31 37 41 40 39 38 37 36 42 44 47 51 56 62 44 43 46 50 55 61 47 46 45 49 54 60 51 50 49 48 53 59 56 55 54 53 52 58 62 61 60 59 58 57

mapD2M                0 7 6 14 13 12 21 20 19 18 28 27 26 25 24 35 34 33 32 31 30 36 43 42 50 49 48 57 56 55 54 64 63 62 61 60 71 70 69 68 67 66 72 79 78 86 85 84 93 92 91 90 100 99 98 97 96 107 106 105 104 103 102

CONTACT
  0:
     dim           3
     geoms         11 : base_col
     exclude       0
     efc_address   0
     solref         0.02      1       
     solimp         0.9       0.95      0.001     0.5       2       
     dist          -0.17    
     includemargin  0       
     pos            1.5e-05   0.29      1.5     
     frame          1.3e-06  -0.72     -0.69      1.3e-06  -0.69      0.72     -1        -1.9e-06   1.1e-22 
     friction       1         1         0.01      0.001     0.001   
     mu             1       
  1:
     dim           3
     geoms         16 : base_col
     exclude       0
     efc_address   4
     solref         0.02      1       
     solimp         0.9       0.95      0.001     0.5       2       
     dist          -0.13    
     includemargin  0       
     pos           -5e-06     0.38      1.4     
     frame         -2.4e-07  -0.72     -0.69     -2.3e-07  -0.69      0.72     -1         3.3e-07   0       
     friction       1         1         0.01      0.001     0.001   
     mu             1       
  2:
     dim           3
     geoms         17 : base_col
     exclude       0
     efc_address   8
     solref         0.02      1       
     solimp         0.9       0.95      0.001     0.5       2       
     dist          -0.016   
     includemargin  0       
     pos           -0.031     0.41      1.5     
     frame          0        -0.72     -0.69      0        -0.69      0.72     -1        -0         0       
     friction       1         1         0.01      0.001     0.001   
     mu             1       
  3:
     dim           3
     geoms         43 : base_col
     exclude       0
     efc_address   12
     solref         0.02      1       
     solimp         0.9       0.95      0.001     0.5       2       
     dist          -0.14    
     includemargin  0       
     pos            1.2e-05  -0.28      1.5     
     frame          5.5e-07   0.92     -0.4       2.4e-07   0.4       0.92      1        -6e-07     2.6e-23 
     friction       1         1         0.01      0.001     0.001   
     mu             1       
  4:
     dim           3
     geoms         48 : base_col
     exclude       0
     efc_address   16
     solref         0.02      1       
     solimp         0.9       0.95      0.001     0.5       2       
     dist          -0.066   
     includemargin  0       
     pos            2.4e-06  -0.35      1.4     
     frame          1.9e-07   0.92     -0.4       8.4e-08   0.4       0.92      1        -2.1e-07  -1.3e-23 
     friction       1         1         0.01      0.001     0.001   
     mu             1       
  5:
     dim           4
     geoms         worktable_top : target_object_geom
     exclude       0
     efc_address   20
     solref         0.015     1       
     solimp         0.9       0.95      0.001     0.5       2       
     dist          -0.01    
     includemargin  0       
     pos           -0.79      1         0.8     
     frame         -1        -0        -0         0         1         0         0         0        -1       
     friction       2         2         0.3       0.1       0.1     
     mu             2       
  6:
     dim           4
     geoms         worktable_top : target_object_geom
     exclude       0
     efc_address   26
     solref         0.015     1       
     solimp         0.9       0.95      0.001     0.5       2       
     dist          -0.01    
     includemargin  0       
     pos           -0.79      1         0.82    
     frame         -1        -0        -0         0         1         0         0         0        -1       
     friction       2         2         0.3       0.1       0.1     
     mu             2       
  7:
     dim           4
     geoms         worktable_top : target_object_geom
     exclude       0
     efc_address   32
     solref         0.015     1       
     solimp         0.9       0.95      0.001     0.5       2       
     dist          -0.01    
     includemargin  0       
     pos           -0.79      1.1       0.8     
     frame         -1        -0        -0         0         1         0         0         0        -1       
     friction       2         2         0.3       0.1       0.1     
     mu             2       
  8:
     dim           4
     geoms         worktable_top : target_object_geom
     exclude       0
     efc_address   38
     solref         0.015     1       
     solimp         0.9       0.95      0.001     0.5       2       
     dist          -0.01    
     includemargin  0       
     pos           -0.79      1.1       0.82    
     frame         -1        -0        -0         0         1         0         0         0        -1       
     friction       2         2         0.3       0.1       0.1     
     mu             2       

EFC_TYPE
  6
  6
  6
  6
  6
  6
  6
  6
  6
  6
  6
  6
  6
  6
  6
  6
  6
  6
  6
  6
  6
  6
  6
  6
  6
  6
  6
  6
  6
  6
  6
  6
  6
  6
  6
  6
  6
  6
  6
  6
  6
  6
  6
  6

EFC_ID
  0
  0
  0
  0
  1
  1
  1
  1
  2
  2
  2
  2
  3
  3
  3
  3
  4
  4
  4
  4
  5
  5
  5
  5
  5
  5
  6
  6
  6
  6
  6
  6
  7
  7
  7
  7
  7
  7
  8
  8
  8
  8
  8
  8

EFC_J
  -1.4e-05   0         0         0         0         0         0         0         0         0         0         0         0         0         0         0         0         0       
  -1.5e-05   0         0         0         0         0         0         0         0         0         0         0         0         0         0         0         0         0       
   0.023     0         0         0         0         0         0         0         0         0         0         0         0         0         0         0         0         0       
  -0.023     0         0         0         0         0         0         0         0         0         0         0         0         0         0         0         0         0       
   4.9e-06  -5.1e-06   0         0         0         0         0         0         0         0         0         0         0         0         0         0         0         0       
   5.1e-06   4.9e-06   0         0         0         0         0         0         0         0         0         0         0         0         0         0         0         0       
   0.041    -0.00014   0         0         0         0         0         0         0         0         0         0         0         0         0         0         0         0       
  -0.041     0.00014   0         0         0         0         0         0         0         0         0         0         0         0         0         0         0         0       
   0.03     -0.031     0         0         0         0         0         0         0         0         0         0         0         0         0         0         0         0       
   0.031     0.03      0         0         0         0         0         0         0         0         0         0         0         0         0         0         0         0       
   0.13      0.00026   0         0         0         0         0         0         0         0         0         0         0         0         0         0         0         0       
  -0.066    -0.0017    0         0         0         0         0         0         0         0         0         0         0         0         0         0         0         0       
   0         0         0         0         0         0         7e-06     0         0         0         0         0         0         0         0         0         0         0       
   0         0         0         0         0         0         1.6e-05   0         0         0         0         0         0         0         0         0         0         0       
   0         0         0         0         0         0         0.0081    0         0         0         0         0         0         0         0         0         0         0       
   0         0         0         0         0         0        -0.0081    0         0         0         0         0         0         0         0         0         0         0       
   0         0         0         0         0         0         1.4e-06  -3.1e-06   0         0         0         0         0         0         0         0         0         0       
   0         0         0         0         0         0         3.1e-06   1.4e-06   0         0         0         0         0         0         0         0         0         0       
   0         0         0         0         0         0         0.013     0.0098    0         0         0         0         0         0         0         0         0         0       
   0         0         0         0         0         0        -0.013    -0.0098    0         0         0         0         0         0         0         0         0         0       
   0         0         0         0         0         0         0         0         0         0         0         0        -1         2         0         0.022     0.011     0       
   0         0         0         0         0         0         0         0         0         0         0         0        -1        -2         0        -0.022     0.011    -0.04    
   0         0         0         0         0         0         0         0         0         0         0         0        -1         0        -2         0.04      0.031    -0.02    
   0         0         0         0         0         0         0         0         0         0         0         0        -1         0         2        -0.04     -0.0089   -0.02    
   0         0         0         0         0         0         0         0         0         0         0         0        -1         0         0        -0.3       0.011    -0.02    
   0         0         0         0         0         0         0         0         0         0         0         0        -1         0         0         0.3       0.011    -0.02    
   0         0         0         0         0         0         0         0         0         0         0         0        -1         2         0        -0.022    -0.011     0       
   0         0         0         0         0         0         0         0         0         0         0         0        -1        -2         0         0.022    -0.011    -0.04    
   0         0         0         0         0         0         0         0         0         0         0         0        -1         0        -2         0.04      0.0089   -0.02    
   0         0         0         0         0         0         0         0         0         0         0         0        -1         0         2        -0.04     -0.031    -0.02    
   0         0         0         0         0         0         0         0         0         0         0         0        -1         0         0        -0.3      -0.011    -0.02    
   0         0         0         0         0         0         0         0         0         0         0         0        -1         0         0         0.3      -0.011    -0.02    
   0         0         0         0         0         0         0         0         0         0         0         0        -1         2         0         0.022     0.011     0.02    
   0         0         0         0         0         0         0         0         0         0         0         0        -1        -2         0        -0.022     0.011    -0.02    
   0         0         0         0         0         0         0         0         0         0         0         0        -1         0        -2         0         0.031     0       
   0         0         0         0         0         0         0         0         0         0         0         0        -1         0         2         0        -0.0089    0       
   0         0         0         0         0         0         0         0         0         0         0         0        -1         0         0        -0.3       0.011     0       
   0         0         0         0         0         0         0         0         0         0         0         0        -1         0         0         0.3       0.011     0       
   0         0         0         0         0         0         0         0         0         0         0         0        -1         2         0        -0.022    -0.011     0.02    
   0         0         0         0         0         0         0         0         0         0         0         0        -1        -2         0         0.022    -0.011    -0.02    
   0         0         0         0         0         0         0         0         0         0         0         0        -1         0        -2         0         0.0089    0       
   0         0         0         0         0         0         0         0         0         0         0         0        -1         0         2         0        -0.031     0       
   0         0         0         0         0         0         0         0         0         0         0         0        -1         0         0        -0.3      -0.011     0       
   0         0         0         0         0         0         0         0         0         0         0         0        -1         0         0         0.3      -0.011     0       

EFC_POS
  -0.17    
  -0.17    
  -0.17    
  -0.17    
  -0.13    
  -0.13    
  -0.13    
  -0.13    
  -0.016   
  -0.016   
  -0.016   
  -0.016   
  -0.14    
  -0.14    
  -0.14    
  -0.14    
  -0.066   
  -0.066   
  -0.066   
  -0.066   
  -0.01    
  -0.01    
  -0.01    
  -0.01    
  -0.01    
  -0.01    
  -0.01    
  -0.01    
  -0.01    
  -0.01    
  -0.01    
  -0.01    
  -0.01    
  -0.01    
  -0.01    
  -0.01    
  -0.01    
  -0.01    
  -0.01    
  -0.01    
  -0.01    
  -0.01    
  -0.01    
  -0.01    

EFC_MARGIN
   0       
   0       
   0       
   0       
   0       
   0       
   0       
   0       
   0       
   0       
   0       
   0       
   0       
   0       
   0       
   0       
   0       
   0       
   0       
   0       
   0       
   0       
   0       
   0       
   0       
   0       
   0       
   0       
   0       
   0       
   0       
   0       
   0       
   0       
   0       
   0       
   0       
   0       
   0       
   0       
   0       
   0       
   0       
   0       

EFC_FRICTIONLOSS
   0       
   0       
   0       
   0       
   0       
   0       
   0       
   0       
   0       
   0       
   0       
   0       
   0       
   0       
   0       
   0       
   0       
   0       
   0       
   0       
   0       
   0       
   0       
   0       
   0       
   0       
   0       
   0       
   0       
   0       
   0       
   0       
   0       
   0       
   0       
   0       
   0       
   0       
   0       
   0       
   0       
   0       
   0       
   0       

EFC_DIAGAPPROX
   3.8e-14 
   3.8e-14 
   3.8e-14 
   3.8e-14 
   0.12    
   0.12    
   0.12    
   0.12    
   0.12    
   0.12    
   0.12    
   0.12    
   3.8e-14 
   3.8e-14 
   3.8e-14 
   3.8e-14 
   0.12    
   0.12    
   0.12    
   0.12    
   6e+02   
   6e+02   
   6e+02   
   6e+02   
   6e+02   
   6e+02   
   6e+02   
   6e+02   
   6e+02   
   6e+02   
   6e+02   
   6e+02   
   6e+02   
   6e+02   
   6e+02   
   6e+02   
   6e+02   
   6e+02   
   6e+02   
   6e+02   
   6e+02   
   6e+02   
   6e+02   
   6e+02   

EFC_KBIP
   2.8e+03   1.1e+02   0.95      0       
   2.8e+03   1.1e+02   0.95      0       
   2.8e+03   1.1e+02   0.95      0       
   2.8e+03   1.1e+02   0.95      0       
   2.8e+03   1.1e+02   0.95      0       
   2.8e+03   1.1e+02   0.95      0       
   2.8e+03   1.1e+02   0.95      0       
   2.8e+03   1.1e+02   0.95      0       
   2.8e+03   1.1e+02   0.95      0       
   2.8e+03   1.1e+02   0.95      0       
   2.8e+03   1.1e+02   0.95      0       
   2.8e+03   1.1e+02   0.95      0       
   2.8e+03   1.1e+02   0.95      0       
   2.8e+03   1.1e+02   0.95      0       
   2.8e+03   1.1e+02   0.95      0       
   2.8e+03   1.1e+02   0.95      0       
   2.8e+03   1.1e+02   0.95      0       
   2.8e+03   1.1e+02   0.95      0       
   2.8e+03   1.1e+02   0.95      0       
   2.8e+03   1.1e+02   0.95      0       
   4.9e+03   1.4e+02   0.95      0       
   4.9e+03   1.4e+02   0.95      0       
   4.9e+03   1.4e+02   0.95      0       
   4.9e+03   1.4e+02   0.95      0       
   4.9e+03   1.4e+02   0.95      0       
   4.9e+03   1.4e+02   0.95      0       
   4.9e+03   1.4e+02   0.95      0       
   4.9e+03   1.4e+02   0.95      0       
   4.9e+03   1.4e+02   0.95      0       
   4.9e+03   1.4e+02   0.95      0       
   4.9e+03   1.4e+02   0.95      0       
   4.9e+03   1.4e+02   0.95      0       
   4.9e+03   1.4e+02   0.95      0       
   4.9e+03   1.4e+02   0.95      0       
   4.9e+03   1.4e+02   0.95      0       
   4.9e+03   1.4e+02   0.95      0       
   4.9e+03   1.4e+02   0.95      0       
   4.9e+03   1.4e+02   0.95      0       
   4.9e+03   1.4e+02   0.95      0       
   4.9e+03   1.4e+02   0.95      0       
   4.9e+03   1.4e+02   0.95      0       
   4.9e+03   1.4e+02   0.95      0       
   4.9e+03   1.4e+02   0.95      0       
   4.9e+03   1.4e+02   0.95      0       

EFC_D
   5e+14   
   5e+14   
   5e+14   
   5e+14   
   1.6e+02 
   1.6e+02 
   1.6e+02 
   1.6e+02 
   1.6e+02 
   1.6e+02 
   1.6e+02 
   1.6e+02 
   5e+14   
   5e+14   
   5e+14   
   5e+14   
   1.6e+02 
   1.6e+02 
   1.6e+02 
   1.6e+02 
   0.031   
   0.031   
   0.031   
   0.031   
   0.031   
   0.031   
   0.031   
   0.031   
   0.031   
   0.031   
   0.031   
   0.031   
   0.031   
   0.031   
   0.031   
   0.031   
   0.031   
   0.031   
   0.031   
   0.031   
   0.031   
   0.031   
   0.031   
   0.031   

EFC_R
   2e-15   
   2e-15   
   2e-15   
   2e-15   
   0.0062  
   0.0062  
   0.0062  
   0.0062  
   0.0062  
   0.0062  
   0.0062  
   0.0062  
   2e-15   
   2e-15   
   2e-15   
   2e-15   
   0.0062  
   0.0062  
   0.0062  
   0.0062  
   32      
   32      
   32      
   32      
   32      
   32      
   32      
   32      
   32      
   32      
   32      
   32      
   32      
   32      
   32      
   32      
   32      
   32      
   32      
   32      
   32      
   32      
   32      
   32      

ACTUATOR_VELOCITY
   0       
   0       
   0       
   0       
   0       
   0       
   0       
   0       
   0       
   0       
   0       
   0       

CVEL
   0         0         0         0         0         0       
   0         0         0         0         0         0       
   0         0         0         0         0         0       
   0         0         0         0         0         0       
   0         0         0         0         0         0       
   0         0         0         0         0         0       
   0         0         0         0         0         0       
   0         0         0         0         0         0       
   0         0         0         0         0         0       
   0         0         0         0         0         0       
   0         0         0         0         0         0       
   0         0         0         0         0         0       
   0         0         0         0         0         0       
   0         0         0         0         0         0       
   0         0         0         0         0         0       
   0         0         0         0         0         0       
   0         0         0         0         0         0       
   0         0         0         0         0         0       
   0         0         0         0         0         0       
   0         0         0         0         0         0       
   0         0         0         0         0         0       
   0         0         0         0         0         0       

CDOF_DOT
  -0         0         0         0         0         0       
   0         0         0         0         0         0       
   0         0         0         0         0         0       
   0         0         0         0         0         0       
   0         0        -0         0         0         0       
   0         0         0         0         0         0       
   0         0        -0         0         0         0       
   0         0        -0         0         0         0       
   0         0        -0         0         0         0       
   0         0        -0         0         0         0       
   0         0         0         0         0         0       
   0         0        -0         0         0        -0       
   0         0         0         0         0         0       
   0         0         0         0         0         0       
   0         0         0         0         0         0       
   0         0         0         0         0         0       
   0         0         0         0         0         0       
   0         0         0         0         0         0       

QFRC_BIAS
   37      
   37      
   10      
  -0.0027  
   0.0027  
  -0.0027  
   37      
   37      
   10      
  -0.0027  
   0.0027  
  -0.0027  
   0       
   0       
   0.65    
   0.0025  
  -0.0025  
   0       

QFRC_SPRING
   0       
   0       
   0       
   0       
   0       
   0       
   0       
   0       
   0       
   0       
   0       
   0       
   0       
   0       
   0       
   0       
   0       
   0       

QFRC_DAMPER
   0       
   0       
   0       
   0       
   0       
   0       
   0       
   0       
   0       
   0       
   0       
   0       
   0       
   0       
   0       
   0       
   0       
   0       

QFRC_GRAVCOMP
   0       
   0       
   0       
   0       
   0       
   0       
   0       
   0       
   0       
   0       
   0       
   0       
   0       
   0       
   0       
   0       
   0       
   0       

QFRC_FLUID
   0       
   0       
   0       
   0       
   0       
   0       
   0       
   0       
   0       
   0       
   0       
   0       
   0       
   0       
   0       
   0       
   0       
   0       

QFRC_PASSIVE
   0       
   0       
   0       
   0       
   0       
   0       
   0       
   0       
   0       
   0       
   0       
   0       
   0       
   0       
   0       
   0       
   0       
   0       

EFC_VEL
   0       
   0       
   0       
   0       
   0       
   0       
   0       
   0       
   0       
   0       
   0       
   0       
   0       
   0       
   0       
   0       
   0       
   0       
   0       
   0       
   0       
   0       
   0       
   0       
   0       
   0       
   0       
   0       
   0       
   0       
   0       
   0       
   0       
   0       
   0       
   0       
   0       
   0       
   0       
   0       
   0       
   0       
   0       
   0       

EFC_AREF
   4.4e+02 
   4.4e+02 
   4.4e+02 
   4.4e+02 
   3.3e+02 
   3.3e+02 
   3.3e+02 
   3.3e+02 
   43      
   43      
   43      
   43      
   3.6e+02 
   3.6e+02 
   3.6e+02 
   3.6e+02 
   1.7e+02 
   1.7e+02 
   1.7e+02 
   1.7e+02 
   47      
   47      
   47      
   47      
   47      
   47      
   47      
   47      
   47      
   47      
   47      
   47      
   47      
   47      
   47      
   47      
   47      
   47      
   47      
   47      
   47      
   47      
   47      
   47      

SUBTREE_LINVEL
   0         0         0       
   0         0         0       
   0         0         0       
   0         0         0       
   0         0         0       
   0         0         0       
   0         0         0       
   0         0         0       
   0         0         0       
   0         0         0       
   0         0         0       
   0         0         0       
   0         0         0       
   0         0         0       
   0         0         0       
   0         0         0       
   0         0         0       
   0         0         0       
   0         0         0       
   0         0         0       
   0         0         0       
   0         0         0       

SUBTREE_ANGMOM
   0         0         0       
   0         0         0       
   0         0         0       
   0         0         0       
   0         0         0       
   0         0         0       
   0         0         0       
   0         0         0       
   0         0         0       
   0         0         0       
   0         0         0       
   0         0         0       
   0         0         0       
   0         0         0       
   0         0         0       
   0         0         0       
   0         0         0       
   0         0         0       
   0         0         0       
   0         0         0       
   0         0         0       
   0         0         0       

ACTUATOR_FORCE
   0       
   0       
   0       
   0       
   0       
   0       
   0       
   0       
   0       
   0       
   0       
   0       

QFRC_ACTUATOR
   0       
   0       
   0       
   0       
   0       
   0       
   0       
   0       
   0       
   0       
   0       
   0       
   0       
   0       
   0       
   0       
   0       
   0       

QFRC_SMOOTH
  -37      
  -37      
  -10      
   0.0027  
  -0.0027  
   0.0027  
  -37      
  -37      
  -10      
   0.0027  
  -0.0027  
   0.0027  
   0       
   0       
  -0.65    
  -0.0025  
   0.0025  
   0       

QACC_SMOOTH
  -11      
  -23      
   30      
   3.2     
  -13      
  -11      
  -11      
  -23      
   30      
   3.2     
  -13      
  -11      
  -5.3e-17 
  -5.3e-17 
  -9.8     
  -7.1e-15 
   7.1e-15 
   3.2e-31 

EFC_B
  -4.4e+02 
  -4.4e+02 
  -4.4e+02 
  -4.4e+02 
  -3.3e+02 
  -3.3e+02 
  -3.3e+02 
  -3.3e+02 
  -43      
  -44      
  -45      
  -42      
  -3.6e+02 
  -3.6e+02 
  -3.6e+02 
  -3.6e+02 
  -1.7e+02 
  -1.7e+02 
  -1.7e+02 
  -1.7e+02 
  -47      
  -47      
  -27      
  -66      
  -47      
  -47      
  -47      
  -47      
  -27      
  -66      
  -47      
  -47      
  -47      
  -47      
  -27      
  -66      
  -47      
  -47      
  -47      
  -47      
  -27      
  -66      
  -47      
  -47      

EFC_FORCE
   2.2e+17 
   2.2e+17 
   2.2e+17 
   2.2e+17 
   5.3e+04 
   5.3e+04 
   5.3e+04 
   5.3e+04 
   6.9e+03 
   7.2e+03 
   7.4e+03 
   6.7e+03 
   1.8e+17 
   1.8e+17 
   1.8e+17 
   1.8e+17 
   2.8e+04 
   2.8e+04 
   2.8e+04 
   2.8e+04 
   0.001   
   0       
   0       
   0.04    
   0       
   0       
   0.036   
   0.018   
   0       
   0.075   
   0.022   
   0.031   
   0.19    
   0.17    
   0.13    
   0.23    
   0.18    
   0.18    
   0.22    
   0.21    
   0.17    
   0.26    
   0.21    
   0.22    

EFC_STATE
  1
  1
  1
  1
  1
  1
  1
  1
  1
  1
  1
  1
  1
  1
  1
  1
  1
  1
  1
  1
  1
  0
  0
  1
  0
  0
  1
  1
  0
  1
  1
  1
  1
  1
  1
  1
  1
  1
  1
  1
  1
  1
  1
  1

QFRC_CONSTRAINT
  -43      
  -8.3     
   0       
   0       
   0       
   0       
   4.6e+02 
  -4.2     
   0       
   0       
   0       
   0       
  -2.6     
   0.11    
   0.62    
   0.0029  
  -0.01    
  -0.0033  

QFRC_INVERSE
   0       
   0       
   0       
   0       
   0       
   0       
   0       
   0       
   0       
   0       
   0       
   0       
   0       
   0       
   0       
   0       
   0       
   0       

CACC
   0         0         0         0         0         0       
   0         0         0         0         0         0       
   0         0         0         0         0         0       
   0         0         0         0         0         0       
   0         0         0         0         0         0       
   0         0         0         0         0         0       
   0         0         0         0         0         0       
   0         0         0         0         0         0       
   0         0         0         0         0         0       
   0         0         0         0         0         0       
   0         0         0         0         0         0       
   0         0         0         0         0         0       
   0         0         0         0         0         0       
   0         0         0         0         0         0       
   0         0         0         0         0         0       
   0         0         0         0         0         0       
   0         0         0         0         0         0       
   0         0         0         0         0         0       
   0         0         0         0         0         0       
   0         0         0         0         0         0       
   0         0         0         0         0         0       
   0         0         0         0         0         0       

CFRC_INT
   0         0         0         0         0         0       
   0         0         0         0         0         0       
   0         0         0         0         0         0       
   0         0         0         0         0         0       
   0         0         0         0         0         0       
   0         0         0         0         0         0       
   0         0         0         0         0         0       
   0         0         0         0         0         0       
   0         0         0         0         0         0       
   0         0         0         0         0         0       
   0         0         0         0         0         0       
   0         0         0         0         0         0       
   0         0         0         0         0         0       
   0         0         0         0         0         0       
   0         0         0         0         0         0       
   0         0         0         0         0         0       
   0         0         0         0         0         0       
   0         0         0         0         0         0       
   0         0         0         0         0         0       
   0         0         0         0         0         0       
   0         0         0         0         0         0       
   0         0         0         0         0         0       

CFRC_EXT
   0         0         0         0         0         0       
   0         0         0         0         0         0       
   0         0         0         0         0         0       
   0         0         0         0         0         0       
   0         0         0         0         0         0       
   0         0         0         0         0         0       
   0         0         0         0         0         0       
   0         0         0         0         0         0       
   0         0         0         0         0         0       
   0         0         0         0         0         0       
   0         0         0         0         0         0       
   0         0         0         0         0         0       
   0         0         0         0         0         0       
   0         0         0         0         0         0       
   0         0         0         0         0         0       
   0         0         0         0         0         0       
   0         0         0         0         0         0       
   0         0         0         0         0         0       
   0         0         0         0         0         0       
   0         0         0         0         0         0       
   0         0         0         0         0         0       
   0         0         0         0         0         0       

